0 0.000 0.000 0.010 0.000 0.000 0.000 
2 0.020 11.000 0.010 11.000 0.969 0.000 
4 0.039 11.000 0.010 11.000 -30.000 0.000 
6 0.059 11.000 0.010 11.000 -30.000 0.000 
8 0.079 11.000 0.010 11.000 -30.000 0.000 
10 0.099 11.000 0.010 11.000 -30.000 0.000 
12 0.118 11.000 0.010 11.000 -30.000 0.000 
14 0.138 11.000 0.010 11.000 -30.000 0.000 
16 0.158 11.000 0.010 11.000 -30.000 0.000 
18 0.177 11.000 0.010 11.000 -30.000 0.000 
20 0.197 11.000 0.010 11.000 -30.000 0.000 
22 0.216 11.000 0.010 11.000 -30.000 0.000 
24 0.236 11.000 0.010 11.000 -30.000 0.000 
26 0.255 11.000 0.010 11.000 -30.000 0.000 
28 0.275 11.000 0.010 11.000 -30.000 0.000 
30 0.294 11.000 0.010 11.000 -30.000 0.000 
32 0.314 11.000 0.010 11.000 -30.000 0.000 
34 0.333 11.000 0.010 11.000 -30.000 0.000 
36 0.352 11.000 0.010 11.000 -30.000 0.000 
38 0.371 11.000 0.010 11.000 -30.000 0.000 
40 0.391 11.000 0.010 11.000 -30.000 0.000 
42 0.410 11.000 0.010 11.000 -30.000 0.000 
44 0.429 11.000 0.009 11.000 -30.000 0.000 
46 0.448 11.000 0.009 11.000 -30.000 0.000 
48 0.467 11.000 0.009 11.000 -30.000 0.000 
50 0.485 11.000 0.009 11.000 -30.000 0.000 
52 0.504 11.000 0.009 11.000 -30.000 0.000 
54 0.523 11.000 0.009 11.000 -30.000 0.000 
56 0.541 11.000 0.009 11.000 -30.000 0.000 
58 0.560 11.000 0.009 11.000 -30.000 0.000 
60 0.578 11.000 0.009 11.000 -30.000 0.000 
62 0.597 11.000 0.009 11.000 -30.000 0.000 
64 0.615 11.000 0.009 11.000 -30.000 0.000 
66 0.633 11.000 0.009 11.000 -30.000 0.000 
68 0.651 11.000 0.009 11.000 -30.000 0.000 
70 0.669 11.000 0.009 11.000 -30.000 0.000 
72 0.687 11.000 0.009 11.000 -30.000 0.000 
74 0.704 11.000 0.009 11.000 -30.000 0.000 
76 0.722 11.000 0.009 11.000 -30.000 0.000 
78 0.739 11.000 0.009 11.000 -30.000 0.000 
80 0.757 11.000 0.009 11.000 -30.000 0.000 
82 0.774 11.000 0.009 11.000 -30.000 0.000 
84 0.791 11.000 0.009 11.000 -30.000 0.000 
86 0.808 11.000 0.008 11.000 -30.000 0.000 
88 0.825 11.000 0.008 11.000 -30.000 0.000 
90 0.842 11.000 0.008 11.000 -30.000 0.000 
92 0.858 11.000 0.008 11.000 -30.000 0.000 
94 0.875 11.000 0.008 11.000 -30.000 0.000 
96 0.891 11.000 0.008 11.000 -30.000 0.000 
98 0.907 11.000 0.008 11.000 -30.000 0.000 
100 0.923 11.000 0.008 11.000 -30.000 0.000 
102 0.939 11.000 0.008 11.000 -30.000 0.000 
104 0.955 11.000 0.008 11.000 -30.000 0.000 
106 0.971 11.000 0.008 11.000 -30.000 0.000 
108 0.986 11.000 0.008 11.000 -30.000 0.000 
110 1.001 11.000 0.008 11.000 -30.000 0.000 
112 1.016 11.000 0.008 11.000 -30.000 0.000 
114 1.031 11.000 0.007 11.000 -30.000 0.000 
116 1.046 11.000 0.007 11.000 -30.000 0.000 
118 1.061 11.000 0.007 11.000 -30.000 0.000 
120 1.075 11.000 0.007 11.000 -30.000 0.000 
122 1.090 11.000 0.007 11.000 -30.000 0.000 
124 1.104 11.000 0.007 11.000 -30.000 0.000 
126 1.118 11.000 0.007 11.000 -30.000 0.000 
128 1.131 11.000 0.007 11.000 -30.000 0.000 
130 1.145 11.000 0.007 11.000 -30.000 0.000 
132 1.158 11.000 0.007 11.000 -30.000 0.000 
134 1.172 11.000 0.007 11.000 -30.000 0.000 
136 1.185 11.000 0.006 11.000 -30.000 0.000 
138 1.198 11.000 0.006 11.000 -30.000 0.000 
140 1.210 11.000 0.006 11.000 -30.000 0.000 
142 1.223 11.000 0.006 11.000 -30.000 0.000 
144 1.235 11.000 0.006 11.000 -30.000 0.000 
146 1.247 11.000 0.006 11.000 -30.000 0.000 
148 1.259 11.000 0.006 11.000 -30.000 0.000 
150 1.271 11.000 0.006 11.000 -30.000 0.000 
152 1.282 11.000 0.006 11.000 -30.000 0.000 
154 1.294 11.000 0.006 11.000 -30.000 0.000 
156 1.305 11.000 0.005 11.000 -30.000 0.000 
158 1.316 11.000 0.005 11.000 -30.000 0.000 
160 1.326 11.000 0.005 11.000 -30.000 0.000 
162 1.337 11.000 0.005 11.000 -30.000 0.000 
164 1.347 11.000 0.005 11.000 -30.000 0.000 
166 1.357 11.000 0.005 11.000 -30.000 0.000 
168 1.367 11.000 0.005 11.000 -30.000 0.000 
170 1.376 11.000 0.005 11.000 -30.000 0.000 
172 1.386 11.000 0.005 11.000 -30.000 0.000 
174 1.395 11.000 0.005 11.000 -30.000 0.000 
176 1.404 11.000 0.004 11.000 -30.000 0.000 
178 1.413 11.000 0.004 11.000 -30.000 0.000 
180 1.421 11.000 0.004 11.000 -30.000 0.000 
182 1.430 11.000 0.004 11.000 -30.000 0.000 
184 1.438 11.000 0.004 11.000 -30.000 0.000 
186 1.445 11.000 0.004 11.000 -30.000 0.000 
188 1.453 11.000 0.004 11.000 -30.000 0.000 
190 1.460 11.000 0.004 11.000 -30.000 0.000 
192 1.468 11.000 0.004 11.000 -30.000 0.000 
194 1.475 11.000 0.003 11.000 -30.000 0.000 
196 1.481 11.000 0.003 11.000 -30.000 0.000 
198 1.488 11.000 0.003 11.000 -30.000 0.000 
200 1.494 11.000 0.003 11.000 -30.000 0.000 
202 1.500 11.000 0.003 11.000 -30.000 0.000 
204 1.506 11.000 0.003 11.000 -30.000 0.000 
206 1.511 11.000 0.003 11.000 -30.000 0.000 
208 1.516 11.000 0.003 11.000 -30.000 0.000 
210 1.521 11.000 0.002 11.000 -30.000 0.000 
212 1.526 11.000 0.002 11.000 -30.000 0.000 
214 1.531 11.000 0.002 11.000 -30.000 0.000 
216 1.535 11.000 0.002 11.000 -30.000 0.000 
218 1.539 11.000 0.002 11.000 -30.000 0.000 
220 1.543 11.000 0.002 11.000 -30.000 0.000 
222 1.547 11.000 0.002 11.000 -30.000 0.000 
224 1.550 11.000 0.002 11.000 -30.000 0.000 
226 1.553 11.000 0.001 11.000 -30.000 0.000 
228 1.556 11.000 0.001 11.000 -30.000 0.000 
230 1.558 11.000 0.001 11.000 -30.000 0.000 
232 1.561 11.000 0.001 11.000 -30.000 0.000 
234 1.563 11.000 0.001 11.000 -30.000 0.000 
236 1.565 11.000 0.001 11.000 -30.000 0.000 
238 1.566 11.000 0.001 11.000 -30.000 0.000 
240 1.568 11.000 0.001 11.000 -30.000 0.000 
242 1.569 11.000 0.000 11.000 -30.000 0.000 
244 1.570 11.000 0.000 11.000 -30.000 0.000 
246 1.570 11.000 0.000 11.000 -30.000 0.000 
248 1.571 11.000 0.000 11.000 -30.000 0.000 
250 1.571 11.000 -0.000 11.000 -30.000 0.000 
252 1.571 11.000 -0.000 11.000 -30.000 0.000 
254 1.570 11.000 -0.000 11.000 -30.000 0.000 
256 1.570 11.000 -0.000 11.000 -30.000 0.000 
258 1.569 11.000 -0.000 11.000 -30.000 0.000 
260 1.568 11.000 -0.001 11.000 -30.000 0.000 
262 1.566 11.000 -0.001 11.000 -30.000 0.000 
264 1.565 11.000 -0.001 11.000 -30.000 0.000 
266 1.563 11.000 -0.001 11.000 -30.000 0.000 
268 1.561 11.000 -0.001 11.000 -30.000 0.000 
270 1.558 11.000 -0.001 11.000 -30.000 0.000 
272 1.556 11.000 -0.001 11.000 -30.000 0.000 
274 1.553 11.000 -0.001 11.000 -30.000 0.000 
276 1.550 11.000 -0.002 11.000 -30.000 0.000 
278 1.547 11.000 -0.002 11.000 -30.000 0.000 
280 1.543 11.000 -0.002 11.000 -30.000 0.000 
282 1.539 11.000 -0.002 11.000 -30.000 0.000 
284 1.535 11.000 -0.002 11.000 -30.000 0.000 
286 1.531 11.000 -0.002 11.000 -30.000 0.000 
288 1.526 11.000 -0.002 11.000 -30.000 0.000 
290 1.521 11.000 -0.002 11.000 -30.000 0.000 
292 1.516 11.000 -0.003 11.000 -30.000 0.000 
294 1.511 11.000 -0.003 11.000 -30.000 0.000 
296 1.506 11.000 -0.003 11.000 -30.000 0.000 
298 1.500 11.000 -0.003 11.000 -30.000 0.000 
300 1.494 11.000 -0.003 11.000 -30.000 0.000 
302 1.488 11.000 -0.003 11.000 -30.000 0.000 
304 1.481 11.000 -0.003 11.000 -30.000 0.000 
306 1.475 11.000 -0.003 11.000 -30.000 0.000 
308 1.468 11.000 -0.004 11.000 -30.000 0.000 
310 1.460 11.000 -0.004 11.000 -30.000 0.000 
312 1.453 11.000 -0.004 11.000 -30.000 0.000 
314 1.445 11.000 -0.004 11.000 -30.000 0.000 
316 1.438 11.000 -0.004 11.000 -30.000 0.000 
318 1.430 11.000 -0.004 11.000 -30.000 0.000 
320 1.421 11.000 -0.004 11.000 -30.000 0.000 
322 1.413 11.000 -0.004 11.000 -30.000 0.000 
324 1.404 11.000 -0.004 11.000 -30.000 0.000 
326 1.395 11.000 -0.005 11.000 -30.000 0.000 
328 1.386 11.000 -0.005 11.000 -30.000 0.000 
330 1.376 11.000 -0.005 11.000 -30.000 0.000 
332 1.367 11.000 -0.005 11.000 -30.000 0.000 
334 1.357 11.000 -0.005 11.000 -30.000 0.000 
336 1.347 11.000 -0.005 11.000 -30.000 0.000 
338 1.337 11.000 -0.005 11.000 -30.000 0.000 
340 1.326 11.000 -0.005 11.000 -30.000 0.000 
342 1.316 11.000 -0.005 11.000 -30.000 0.000 
344 1.305 11.000 -0.005 11.000 -30.000 0.000 
346 1.294 11.000 -0.006 11.000 -30.000 0.000 
348 1.282 11.000 -0.006 11.000 -30.000 0.000 
350 1.271 11.000 -0.006 11.000 -30.000 0.000 
352 1.259 11.000 -0.006 11.000 -30.000 0.000 
354 1.247 11.000 -0.006 11.000 -30.000 0.000 
356 1.235 11.000 -0.006 11.000 -30.000 0.000 
358 1.223 11.000 -0.006 11.000 -30.000 0.000 
360 1.210 11.000 -0.006 11.000 -30.000 0.000 
362 1.198 11.000 -0.006 11.000 -30.000 0.000 
364 1.185 11.000 -0.006 11.000 -30.000 0.000 
366 1.172 11.000 -0.007 11.000 -30.000 0.000 
368 1.158 11.000 -0.007 11.000 -30.000 0.000 
370 1.145 11.000 -0.007 11.000 -30.000 0.000 
372 1.131 11.000 -0.007 11.000 -30.000 0.000 
374 1.118 11.000 -0.007 11.000 -30.000 0.000 
376 1.104 11.000 -0.007 11.000 -30.000 0.000 
378 1.090 11.000 -0.007 11.000 -30.000 0.000 
380 1.075 11.000 -0.007 11.000 -30.000 0.000 
382 1.061 11.000 -0.007 11.000 -30.000 0.000 
384 1.046 11.000 -0.007 11.000 -30.000 0.000 
386 1.031 11.000 -0.007 11.000 -30.000 0.000 
388 1.016 11.000 -0.008 11.000 -30.000 0.000 
390 1.001 11.000 -0.008 11.000 -30.000 0.000 
392 0.986 11.000 -0.008 11.000 -30.000 0.000 
394 0.971 11.000 -0.008 11.000 -30.000 0.000 
396 0.955 11.000 -0.008 11.000 -30.000 0.000 
398 0.939 11.000 -0.008 11.000 -30.000 0.000 
400 0.923 11.000 -0.008 11.000 -30.000 0.000 
402 0.907 11.000 -0.008 11.000 -30.000 0.000 
404 0.891 11.000 -0.008 11.000 -30.000 0.000 
406 0.875 11.000 -0.008 11.000 -30.000 0.000 
408 0.858 11.000 -0.008 11.000 -30.000 0.000 
410 0.842 11.000 -0.008 11.000 -30.000 0.000 
412 0.825 11.000 -0.008 11.000 -30.000 0.000 
414 0.808 11.000 -0.008 11.000 -30.000 0.000 
416 0.791 11.000 -0.009 11.000 -30.000 0.000 
418 0.774 11.000 -0.009 11.000 -30.000 0.000 
420 0.757 11.000 -0.009 11.000 -30.000 0.000 
422 0.739 11.000 -0.009 11.000 -30.000 0.000 
424 0.722 11.000 -0.009 11.000 -30.000 0.000 
426 0.704 11.000 -0.009 11.000 -30.000 0.000 
428 0.687 11.000 -0.009 11.000 -30.000 0.000 
430 0.669 11.000 -0.009 11.000 -30.000 0.000 
432 0.651 11.000 -0.009 11.000 -30.000 0.000 
434 0.633 11.000 -0.009 11.000 -30.000 0.000 
436 0.615 11.000 -0.009 11.000 -30.000 0.000 
438 0.597 11.000 -0.009 11.000 -30.000 0.000 
440 0.578 11.000 -0.009 11.000 -30.000 0.000 
442 0.560 11.000 -0.009 11.000 -30.000 0.000 
444 0.541 11.000 -0.009 11.000 -30.000 0.000 
446 0.523 11.000 -0.009 11.000 -30.000 0.000 
448 0.504 11.000 -0.009 11.000 -30.000 0.000 
450 0.485 11.000 -0.009 11.000 -30.000 0.000 
452 0.467 11.000 -0.009 11.000 -30.000 0.000 
454 0.448 11.000 -0.009 11.000 -30.000 0.000 
456 0.429 11.000 -0.009 11.000 -30.000 0.000 
458 0.410 11.000 -0.010 11.000 -30.000 0.000 
460 0.391 11.000 -0.010 11.000 -30.000 0.000 
462 0.371 11.000 -0.010 11.000 -30.000 0.000 
464 0.352 11.000 -0.010 11.000 -30.000 0.000 
466 0.333 11.000 -0.010 11.000 -30.000 0.000 
468 0.314 11.000 -0.010 11.000 -30.000 0.000 
470 0.294 11.000 -0.010 11.000 -30.000 0.000 
472 0.275 11.000 -0.010 11.000 -30.000 0.000 
474 0.255 11.000 -0.010 11.000 -30.000 0.000 
476 0.236 11.000 -0.010 11.000 -30.000 0.000 
478 0.216 11.000 -0.010 11.000 -30.000 0.000 
480 0.197 11.000 -0.010 11.000 -30.000 0.000 
482 0.177 11.000 -0.010 11.000 -30.000 0.000 
484 0.158 11.000 -0.010 11.000 -30.000 0.000 
486 0.138 11.000 -0.010 11.000 -30.000 0.000 
488 0.118 11.000 -0.010 11.000 -30.000 0.000 
490 0.099 11.000 -0.010 11.000 -30.000 0.000 
492 0.079 11.000 -0.010 11.000 -30.000 0.000 
494 0.059 11.000 -0.010 11.000 -30.000 0.000 
496 0.039 11.000 -0.010 11.000 -30.000 0.000 
498 0.020 11.000 -0.010 11.000 -30.000 0.000 
500 -0.000 11.000 -0.010 11.000 -30.000 0.000 
502 -0.020 11.000 -0.010 11.000 -30.000 0.000 
504 -0.039 11.000 -0.010 11.000 -30.000 0.000 
506 -0.059 11.000 -0.010 11.000 -30.000 0.000 
508 -0.079 11.000 -0.010 11.000 -30.000 0.000 
510 -0.099 11.000 -0.010 11.000 -30.000 0.000 
512 -0.118 11.000 -0.010 11.000 -30.000 0.000 
514 -0.138 11.000 -0.010 11.000 -30.000 0.000 
516 -0.158 11.000 -0.010 11.000 -30.000 0.000 
518 -0.177 11.000 -0.010 11.000 -30.000 0.000 
520 -0.197 11.000 -0.010 11.000 -30.000 0.000 
522 -0.216 11.000 -0.010 11.000 -30.000 0.000 
524 -0.236 11.000 -0.010 11.000 -30.000 0.000 
526 -0.255 11.000 -0.010 11.000 -30.000 0.000 
528 -0.275 11.000 -0.010 11.000 -30.000 0.000 
530 -0.294 11.000 -0.010 11.000 -30.000 0.000 
532 -0.314 11.000 -0.010 11.000 -30.000 0.000 
534 -0.333 11.000 -0.010 11.000 -30.000 0.000 
536 -0.352 11.000 -0.010 11.000 -30.000 0.000 
538 -0.371 11.000 -0.010 11.000 -30.000 0.000 
540 -0.391 11.000 -0.010 11.000 -30.000 0.000 
542 -0.410 11.000 -0.010 11.000 -30.000 0.000 
544 -0.429 11.000 -0.009 11.000 -30.000 0.000 
546 -0.448 11.000 -0.009 11.000 -30.000 0.000 
548 -0.467 11.000 -0.009 11.000 -30.000 0.000 
550 -0.485 11.000 -0.009 11.000 -30.000 0.000 
552 -0.504 11.000 -0.009 11.000 -30.000 0.000 
554 -0.523 11.000 -0.009 11.000 -30.000 0.000 
556 -0.541 11.000 -0.009 11.000 -30.000 0.000 
558 -0.560 11.000 -0.009 11.000 -30.000 0.000 
560 -0.578 11.000 -0.009 11.000 -30.000 0.000 
562 -0.597 11.000 -0.009 11.000 -30.000 0.000 
564 -0.615 11.000 -0.009 11.000 -30.000 0.000 
566 -0.633 11.000 -0.009 11.000 -30.000 0.000 
568 -0.651 11.000 -0.009 11.000 -30.000 0.000 
570 -0.669 11.000 -0.009 11.000 -30.000 0.000 
572 -0.687 11.000 -0.009 11.000 -30.000 0.000 
574 -0.704 11.000 -0.009 11.000 -30.000 0.000 
576 -0.722 11.000 -0.009 11.000 -30.000 0.000 
578 -0.739 11.000 -0.009 11.000 -30.000 0.000 
580 -0.757 11.000 -0.009 11.000 -30.000 0.000 
582 -0.774 11.000 -0.009 11.000 -30.000 0.000 
584 -0.791 11.000 -0.009 11.000 -30.000 0.000 
586 -0.808 11.000 -0.008 11.000 -30.000 0.000 
588 -0.825 11.000 -0.008 11.000 -30.000 0.000 
590 -0.842 11.000 -0.008 11.000 -30.000 0.000 
592 -0.858 11.000 -0.008 11.000 -30.000 0.000 
594 -0.875 11.000 -0.008 11.000 -30.000 0.000 
596 -0.891 11.000 -0.008 11.000 -30.000 0.000 
598 -0.907 11.000 -0.008 11.000 -30.000 0.000 
600 -0.923 11.000 -0.008 11.000 -30.000 0.000 
602 -0.939 11.000 -0.008 11.000 -30.000 0.000 
604 -0.955 11.000 -0.008 11.000 -30.000 0.000 
606 -0.971 11.000 -0.008 11.000 -30.000 0.000 
608 -0.986 11.000 -0.008 11.000 -30.000 0.000 
610 -1.001 11.000 -0.008 11.000 -30.000 0.000 
612 -1.016 11.000 -0.008 11.000 -30.000 0.000 
614 -1.031 11.000 -0.007 11.000 -30.000 0.000 
616 -1.046 11.000 -0.007 11.000 -30.000 0.000 
618 -1.061 11.000 -0.007 11.000 -30.000 0.000 
620 -1.075 11.000 -0.007 11.000 -30.000 0.000 
622 -1.090 11.000 -0.007 11.000 -30.000 0.000 
624 -1.104 11.000 -0.007 11.000 -30.000 0.000 
626 -1.118 11.000 -0.007 11.000 -30.000 0.000 
628 -1.131 11.000 -0.007 11.000 -30.000 0.000 
630 -1.145 11.000 -0.007 11.000 -30.000 0.000 
632 -1.158 11.000 -0.007 11.000 -30.000 0.000 
634 -1.172 11.000 -0.007 11.000 -30.000 0.000 
636 -1.185 11.000 -0.006 11.000 -30.000 0.000 
638 -1.198 11.000 -0.006 11.000 -30.000 0.000 
640 -1.210 11.000 -0.006 11.000 -30.000 0.000 
642 -1.223 11.000 -0.006 11.000 -30.000 0.000 
644 -1.235 11.000 -0.006 11.000 -30.000 0.000 
646 -1.247 11.000 -0.006 11.000 -30.000 0.000 
648 -1.259 11.000 -0.006 11.000 -30.000 0.000 
650 -1.271 11.000 -0.006 11.000 -30.000 0.000 
652 -1.282 11.000 -0.006 11.000 -30.000 0.000 
654 -1.294 11.000 -0.006 11.000 -30.000 0.000 
656 -1.305 11.000 -0.005 11.000 -30.000 0.000 
658 -1.316 11.000 -0.005 11.000 -30.000 0.000 
660 -1.326 11.000 -0.005 11.000 -30.000 0.000 
662 -1.337 11.000 -0.005 11.000 -30.000 0.000 
664 -1.347 11.000 -0.005 11.000 -30.000 0.000 
666 -1.357 11.000 -0.005 11.000 -30.000 0.000 
668 -1.367 11.000 -0.005 11.000 -30.000 0.000 
670 -1.376 11.000 -0.005 11.000 -30.000 0.000 
672 -1.386 11.000 -0.005 11.000 -30.000 0.000 
674 -1.395 11.000 -0.005 11.000 -30.000 0.000 
676 -1.404 11.000 -0.004 11.000 -30.000 0.000 
678 -1.413 11.000 -0.004 11.000 -30.000 0.000 
680 -1.421 11.000 -0.004 11.000 -30.000 0.000 
682 -1.430 11.000 -0.004 11.000 -30.000 0.000 
684 -1.438 11.000 -0.004 11.000 -30.000 0.000 
686 -1.445 11.000 -0.004 11.000 -30.000 0.000 
688 -1.453 11.000 -0.004 11.000 -30.000 0.000 
690 -1.460 11.000 -0.004 11.000 -30.000 0.000 
692 -1.468 11.000 -0.004 11.000 -30.000 0.000 
694 -1.475 11.000 -0.003 11.000 -30.000 0.000 
696 -1.481 11.000 -0.003 11.000 -30.000 0.000 
698 -1.488 11.000 -0.003 11.000 -30.000 0.000 
700 -1.494 11.000 -0.003 11.000 -30.000 0.000 
702 -1.500 11.000 -0.003 11.000 -30.000 0.000 
704 -1.506 11.000 -0.003 11.000 -30.000 0.000 
706 -1.511 11.000 -0.003 11.000 -30.000 0.000 
708 -1.516 11.000 -0.003 11.000 -30.000 0.000 
710 -1.521 11.000 -0.002 11.000 -30.000 0.000 
712 -1.526 11.000 -0.002 11.000 -30.000 0.000 